124	147	3
126	124	6
140	140	9
140	126	12
22	22	15
22	140	18
141	141	21
141	0	24
125	141	27
124	123	30
131	124	33
124	123	36
136	124	39
125	123	48
125	122	78
122	121	78
125	122	78
130	123	60
130	122	78
122	121	78
130	122	78
135	123	72
135	122	78
122	121	78
135	122	78
122	121	117
125	130	84
124	123	90
124	124	87
124	135	90
125	125	93
125	124	96
124	123	99
130	130	102
130	124	105
124	123	108
135	135	111
135	124	114
122	121	39
0	0	0
3
0
-1
1
0
0
0
122	121	145
0
0
122	121	145
0
0
122	121	145
0
0
0
0
0
0
147
147
